round    control  gpuMHz  build |     A_sub    A_tok    A_norm |     B_sub    B_tok    B_norm | order
1        27.3157    1890      6 |     23.97    19.69    0.8775 |     22.98    20.41    0.8413 | A-then-B
2         24.485    1890      6 |     21.94    20.81    0.8961 |     22.15    21.14    0.9046 | B-then-A
3        24.2391    1890      3 |     22.34    20.99    0.9217 |     20.53    21.26    0.8470 | A-then-B
4        24.0679    1905      3 |     22.78    20.72    0.9465 |     20.66    20.47    0.8584 | B-then-A
5        24.1291    1890      6 |     21.83    19.74    0.9047 |     22.07    20.27    0.9147 | A-then-B
6        24.3022    1905      5 |     21.48    20.48    0.8839 |     51.08    14.70    2.1019 | B-then-A
7        27.1091    1905    0
0 |     23.50    20.56    0.8669 |     21.67    21.21    0.7994 | A-then-B
8        23.3883    1890    0
0 |     18.24    21.50    0.7799 |     21.04    21.54    0.8996 | B-then-A

control-normalised submit cost: A 0.8846, B 1.0209
B lower in 4/8 rounds; median per-round B/A ratio 0.9841 (1.6% cheaper)
